{
 "cells": [
  {
   "cell_type": "markdown",
   "source": [
    "# Matrix Operations\r\n",
    "In this file I'll add functions and operations for solving and/or manipulating matrixes. "
   ],
   "metadata": {}
  },
  {
   "cell_type": "code",
   "execution_count": 3,
   "source": [
    "import numpy as np"
   ],
   "outputs": [],
   "metadata": {}
  },
  {
   "cell_type": "markdown",
   "source": [
    "## Making a Matrix"
   ],
   "metadata": {}
  },
  {
   "cell_type": "code",
   "execution_count": 4,
   "source": [
    "A = np.array([[3, 2, -1, 4], [1, 2, -2, 1], [0, 1, 2, 3], [4, 2, 1, 3]])"
   ],
   "outputs": [],
   "metadata": {}
  },
  {
   "cell_type": "markdown",
   "source": [
    "## Find determinant"
   ],
   "metadata": {}
  },
  {
   "cell_type": "code",
   "execution_count": 8,
   "source": [
    "np.linalg.det(A)"
   ],
   "outputs": [
    {
     "output_type": "execute_result",
     "data": {
      "text/plain": [
       "-52.00000000000001"
      ]
     },
     "metadata": {},
     "execution_count": 8
    }
   ],
   "metadata": {}
  },
  {
   "cell_type": "markdown",
   "source": [
    "## Get inverse of matrix"
   ],
   "metadata": {}
  },
  {
   "cell_type": "code",
   "execution_count": 9,
   "source": [
    "np.linalg.inv(A)"
   ],
   "outputs": [
    {
     "output_type": "execute_result",
     "data": {
      "text/plain": [
       "array([[ 0.05769231, -0.17307692, -0.26923077,  0.25      ],\n",
       "       [-0.55769231,  0.67307692,  0.26923077,  0.25      ],\n",
       "       [-0.32692308, -0.01923077,  0.19230769,  0.25      ],\n",
       "       [ 0.40384615, -0.21153846,  0.11538462, -0.25      ]])"
      ]
     },
     "metadata": {},
     "execution_count": 9
    }
   ],
   "metadata": {}
  }
 ],
 "metadata": {
  "orig_nbformat": 4,
  "language_info": {
   "name": "python",
   "version": "3.9.6",
   "mimetype": "text/x-python",
   "codemirror_mode": {
    "name": "ipython",
    "version": 3
   },
   "pygments_lexer": "ipython3",
   "nbconvert_exporter": "python",
   "file_extension": ".py"
  },
  "kernelspec": {
   "name": "python3",
   "display_name": "Python 3.9.6 64-bit"
  },
  "interpreter": {
   "hash": "63fd5069d213b44bf678585dea6b12cceca9941eaf7f819626cde1f2670de90d"
  }
 },
 "nbformat": 4,
 "nbformat_minor": 2
}